model,tensor,consumers,scale,rms,sqnr_channel_pred_db,kappa,sqnr_pred_db,sqnr_inj_db,clip_share,deadzone_share,deadzone_energy_share,channels_below_step,channel_spread,upstream_of_head,sensitivity_db,consumer_sqnr_out_db,depthwise
yolov10s,/model.0/act/Mul_output_0,/model.1/conv/Conv,1.291015625,1.2723528188263962,-3.7581708474680298,454.5712411227937,31.52967460208544,31.00578720943625,0.0,0.6135645771026611,0.0196293327263767,0.65625,16.131922383981024,True,9.43802261352539,23.537599563598636,False
yolov10s,/model.1/act/Mul_output_0,/model.2/cv1/conv/Conv,1.2646484375,1.109487823894317,-2.156427673913093,510.6522918037604,31.52967460208544,31.22243072510481,0.0,0.4692030334472656,0.0217713067687823,0.703125,11.36076698921502,True,2.1745719909667987,20.318437576293945,False
yolov10s,/model.2/Split_output_1,/model.2/m.0/cv1/conv/Conv;/model.2/m.0/Add;/model.2/Concat,0.625,1.1121012843332057,2.6978724364725224,251.77562866306965,31.52967460208544,32.02770591354708,0.0,0.3964272308349609,0.008803811318339,0.5625,11.844183149951776,True,4.799999237060545,17.695244789123535,False
yolov10s,/model.2/m.0/cv1/act/Mul_output_0,/model.2/m.0/cv2/conv/Conv,0.4208984375,0.9363945408025351,11.797958708798284,201.3707809940806,31.52967460208544,30.87573292072474,0.0,0.1134728622436523,0.0017115855085573,0.15625,3.667645400158505,True,2.241525650024416,14.765074729919434,False
yolov10s,/model.2/m.0/cv2/act/Mul_output_0,/model.2/m.0/Add,0.494873046875,1.0051870411862984,10.768848451959862,220.559075988834,31.52967460208544,31.119912637804862,0.0,0.5207840347290039,0.0079830654019248,0.375,5.635765129620763,True,,,False
yolov10s,/model.2/Concat_output_0,/model.2/cv2/conv/Conv,0.625,1.3177353423405846,4.83044917996466,212.4857632661344,31.52967460208544,32.16063130527358,0.0,0.339214235941569,0.0049612036679195,0.4270833333333333,11.4885125459183,True,2.0036211013793963,16.602604866027832,False
yolov10s,/model.2/cv2/act/Mul_output_0,/model.3/conv/Conv,0.26416015625,0.6785361682642137,10.641974854386971,174.41037859888758,31.52967460208544,31.774966338716247,0.0,0.2439543342590332,0.0036085556968874,0.46875,7.485024942431075,True,0.424940586090087,16.381763458251953,False
yolov10s,/model.3/act/Mul_output_0,/model.4/cv1/conv/Conv,0.200439453125,0.3737562873597,12.15953031108628,240.2551556639908,31.52967460208544,31.47015283060077,0.0,0.1597742080688476,0.0038562963903147,0.2265625,3.703033370323781,True,-0.4668903350830078,17.15310764312744,False
yolov10s,/model.4/Split_output_1,/model.4/m.0/cv1/conv/Conv;/model.4/m.0/Add;/model.4/Concat,0.348876953125,0.3823466275740702,5.076766769911842,408.7831923395777,31.52967460208544,31.19617151616229,0.0,0.38052001953125,0.0256477309860607,0.640625,6.129988805322528,True,3.1969380378723127,16.584895133972168,False
yolov10s,/model.4/m.0/cv1/act/Mul_output_0,/model.4/m.0/cv2/conv/Conv,0.1685791015625,0.2963666116756616,13.659527732216771,254.83112646525615,31.52967460208544,31.828335203265983,0.0,0.1583848571777343,0.0046909409268884,0.046875,2.106715612541109,True,-2.391860008239745,17.362418174743652,False
yolov10s,/model.4/m.0/cv2/act/Mul_output_0,/model.4/m.0/Add,0.12261962890625,0.4030772665249689,16.364233699091713,136.28551722501348,31.52967460208544,31.651570000566625,0.0,0.1689424896240234,0.0012248229794501,0.0,3.099012517288455,True,,,False
yolov10s,/model.4/m.0/Add_output_0,/model.4/m.1/cv1/conv/Conv;/model.4/m.1/Add;/model.4/Concat,0.348876953125,0.6472968021106503,9.402289205677206,241.46091018889703,31.52967460208544,31.391342631612176,0.0,0.3274082183837891,0.0072725637549364,0.484375,4.691333498273715,True,0.5208492279052717,18.540117263793945,False
yolov10s,/model.4/m.1/cv1/act/Mul_output_0,/model.4/m.1/cv2/conv/Conv,0.1468505859375,0.2308595207684828,14.12225805178759,284.9744393516977,31.52967460208544,33.49441880775886,0.0,0.0976528930664062,0.0034847811834214,0.0,1.5471991133400984,True,-0.2217946052551269,16.313581466674805,False
yolov10s,/model.4/m.1/cv2/act/Mul_output_0,/model.4/m.1/Add,0.2274169921875,0.5566224272256541,16.027202247498913,183.03756283736087,31.52967460208544,31.40501366437969,0.0,0.1862499237060547,0.0025998279069824,0.03125,2.8434678318859,True,,,False
yolov10s,/model.4/Concat_output_0,/model.4/cv2/conv/Conv,0.348876953125,0.6483776918134792,7.735737743107428,241.0583784319378,31.52967460208544,31.42326217385722,0.0,0.3220836639404297,0.0072629151784996,0.4765625,6.296616292899215,True,2.637195587158203,15.254913806915283,False
yolov10s,/model.4/cv2/act/Mul_output_0,/model.5/cv1/conv/Conv;/model.15/Concat,0.1668701171875,0.3449515924980336,14.201112366524988,216.7197198848304,31.52967460208544,31.50089089786856,0.0,0.2332504272460937,0.004461265120227,0.0703125,2.656655471518458,True,-2.650409698486328,17.678229331970215,False
yolov10s,/model.5/cv2/conv/Conv_output_0,/model.6/cv1/conv/Conv,0.481689453125,0.4867019938390891,8.722030253478934,443.3860508723243,31.52967460208544,31.52085068101775,0.0,0.3811104583740234,0.0301890102066417,0.734375,1.998628166654304,True,-0.7072014808654776,14.590641975402832,False
yolov10s,/model.6/Split_output_1,/model.6/m.0/cv1/conv/Conv;/model.6/m.0/Add;/model.6/Concat,0.282958984375,0.3191004997110281,8.040529522888306,397.2592494051145,31.52967460208544,31.701986644975666,0.0,0.3680035400390625,0.023893811483764,0.75,3.1332481987947323,True,-1.0738849639892578,18.35886287689209,False
yolov10s,/model.6/m.0/cv1/act/Mul_output_0,/model.6/m.0/cv2/conv/Conv,0.1597900390625,0.2704007847673101,14.553101258307642,264.7401247803417,31.52967460208544,32.13405433405743,0.0,0.1082421875,0.0032461338325738,0.0,1.4351804402670072,True,-1.533444881439209,17.121273040771484,False
yolov10s,/model.6/m.0/cv2/act/Mul_output_0,/model.6/m.0/Add,0.13232421875,0.2935823192980176,16.428850748825674,201.9237743667498,31.52967460208544,31.263264926238826,0.0,0.1652479553222656,0.0027821268121409,0.0,1.914704027091928,True,,,False
yolov10s,/model.6/m.0/Add_output_0,/model.6/m.1/cv1/conv/Conv;/model.6/m.1/Add;/model.6/Concat,0.282958984375,0.3876977244364736,11.517699271334862,326.9702580386727,31.52967460208544,31.64293085599942,0.0,0.3288957214355468,0.0142483625342409,0.3203125,2.149426801992492,True,-3.0173702239990234,18.435834884643555,False
yolov10s,/model.6/m.1/cv1/act/Mul_output_0,/model.6/m.1/cv2/conv/Conv,0.153076171875,0.2762223205267991,15.370222765597576,248.2714824392569,31.52967460208544,31.894440588678187,0.0,0.0774609375,0.0020641523271889,0.0,1.5302631991544855,True,0.0941491127014151,15.094936847686768,False
yolov10s,/model.6/m.1/cv2/act/Mul_output_0,/model.6/m.1/Add,0.2137451171875,0.5968873906028522,18.282803700693957,160.42860681524073,31.52967460208544,31.481194168258213,0.0,0.2103376770019531,0.0022713197652614,0.0,2.001128282359689,True,,,False
yolov10s,/model.6/Concat_output_0,/model.6/cv2/conv/Conv,0.282958984375,0.4806118544341471,10.889826574463548,263.75883955099005,31.52967460208544,31.59880921117409,0.0,0.2826231384277344,0.0081782127375047,0.400390625,3.7062152465454585,True,-0.9726629257202156,15.957800388336182,False
yolov10s,/model.6/cv2/act/Mul_output_0,/model.7/cv1/conv/Conv;/model.12/Concat,0.188720703125,0.3447118256643303,14.84628588822924,245.26827542704936,31.52967460208544,31.40274310556365,0.0,0.1643245697021484,0.0041888891963918,0.0,1.799489986643034,True,-2.338355541229247,16.47901153564453,False
yolov10s,/model.7/cv2/conv/Conv_output_0,/model.8/cv1/conv/Conv,0.279296875,0.5108663090702943,14.336803695950138,244.9270930152159,31.52967460208544,31.566879979837637,0.0,0.2466909790039062,0.006013169551081,0.017578125,1.992485431852389,True,-0.6167759895324707,14.100759029388428,False
yolov10s,/model.8/Split_output_1,/model.8/m.0/cv1/cv1.0/conv/Conv;/model.8/m.0/Add;/model.8/Concat,0.39306640625,0.2675900516175555,5.006049922670343,658.0728578492758,31.52967460208544,31.271513905098463,0.0,0.5467282104492187,0.1078833585213002,0.96484375,1.7350656489313534,True,0.6866211891174316,13.806971073150637,True
yolov10s,/model.8/m.0/cv1/cv1.0/act/Mul_output_0,/model.8/m.0/cv1/cv1.1/conv/Conv,0.201171875,0.2719537424381641,10.462766979329494,331.3982708676726,31.52967460208544,31.423123170400697,0.0,0.3074765014648437,0.014330252147642,0.47265625,2.809581527124441,True,-0.4364719390869149,13.698394775390623,False
yolov10s,/model.8/m.0/cv1/cv1.2/act/Mul_output_0,/model.8/m.0/cv1/cv1.3/conv/Conv,0.233154296875,0.503943727223814,13.2184662419183,207.2714062251037,31.52967460208544,31.31340871420724,0.0,0.2721080017089843,0.0049070906969445,0.138671875,3.080669242479483,True,-0.7030425071716309,14.37324571609497,False
yolov10s,/model.8/m.0/cv1/cv1.4/act/Mul_output_0,/model.8/m.0/Add,0.395751953125,0.5935580335877991,9.66662491485166,298.70183700204984,31.52967460208544,31.606991152906907,0.0,0.4858676147460937,0.0177070166430763,0.4453125,3.823914225936488,True,,,False
yolov10s,/model.8/Concat_output_0,/model.8/cv2/conv/Conv,0.39306640625,0.4382676177165843,7.606635860623854,401.7950286116621,31.52967460208544,31.52075619860341,0.0,0.4382293701171875,0.031271346767455,0.6861979166666666,3.166860412539505,True,-0.3144640922546378,13.82066535949707,False
yolov10s,/model.8/cv2/act/Mul_output_0,/model.9/cv1/conv/Conv,0.1732177734375,0.4664429589655294,16.792337693152547,166.36881532546585,31.52967460208544,31.58300949364002,0.0,0.1706442260742187,0.00196914405401,0.0,2.653221642146616,True,0.0382862091064453,12.111522197723389,False
yolov10s,/model.9/Concat_output_0,/model.9/cv2/conv/Conv,0.142333984375,1.8702206826926,29.49221002027661,34.095241053689534,31.52967460208544,31.281695052371823,0.0,0.0272290802001953,1.3201255247745094e-05,0.0,3.40994484203631,True,6.868970394134523,14.898521900177002,False
yolov10s,/model.9/cv2/act/Mul_output_0,/model.10/cv1/conv/Conv,0.1986083984375,0.3761476357040476,13.612458962424704,236.54691417496144,31.52967460208544,31.631467063388364,0.0,0.1771189880371093,0.0042382664506571,0.00390625,2.0575433395754774,True,-0.7218074798583993,13.458637714385986,False
yolov10s,/model.10/Split_output_1,/model.10/attn/Shape;/model.10/attn/qkv/conv/Conv;/model.10/Add,0.209228515625,0.7225662342956426,16.48934770692904,129.72426685751824,31.52967460208544,31.54518848332442,0.0,0.1953170776367187,0.0013776995138583,0.0078125,4.287317947163371,True,0.1349430084228524,12.62060260772705,False
yolov10s,/model.10/attn/Split_output_1,/model.10/attn/MatMul,0.2293701171875,0.9049192770933254,22.617393977691293,113.55467288758229,31.52967460208544,31.50819856190278,0.0,0.117952880859375,0.0006300176482258,0.0,1.14057731345058,True,,,False
yolov10s,/model.10/attn/Split_output_2,/model.10/attn/Reshape_2;/model.10/attn/MatMul_1,0.2142333984375,0.996043691455594,24.060591973725792,96.3577836226664,31.52967460208544,31.509029851604385,0.0,0.1053070068359375,0.0004040145490731,0.0,1.118417411260615,True,,,False
yolov10s,/model.10/attn/Transpose_output_0,/model.10/attn/MatMul,0.0281982421875,0.181748193577497,26.91981013728614,69.50722453598087,31.52967460208544,31.628751882766007,0.0,0.068402099609375,0.0001364954030163,0.0,1.096781776803632,True,,,False
yolov10s,/model.10/attn/Transpose_1_output_0,/model.10/attn/MatMul_1,0.0127639770507812,0.005466833406824,3.0159913305834465,1045.9915810882585,31.52967460208544,31.55010096984909,0.0,0.92467177734375,0.145705716375437,1.0,1.35011685243308,True,,,False
yolov10s,/model.10/attn/Add_output_0,/model.10/attn/proj/conv/Conv,0.1744384765625,0.5899082686047271,18.59062455278943,132.47557571084667,31.52967460208544,31.403108220659213,0.0,0.1676736450195312,0.0012118345284211,0.0,2.3667526429206487,True,0.1989302635192862,9.941917896270752,False
yolov10s,/model.10/Add_output_0,/model.10/ffn/ffn.0/conv/Conv;/model.10/Add_1,0.39013671875,1.089072195748422,18.55154788069396,160.48637609363306,31.52967460208544,31.5053418174201,0.0,0.1922341918945312,0.0020322252281108,0.0,1.654937718626959,True,-0.3541007041931152,11.841525554656982,False
yolov10s,/model.10/ffn/ffn.0/act/Mul_output_0,/model.10/ffn/ffn.1/conv/Conv,0.2666015625,0.7053701468924433,13.988168487821357,169.3259922130106,31.52967460208544,31.990364134523443,0.0,0.2928443908691406,0.0034485216143205,0.119140625,5.113573380091538,True,0.2692217826843261,9.475912094116213,False
yolov10s,/model.10/Concat_output_0,/model.10/cv2/conv/Conv,0.166015625,0.7380073848717329,19.11683307868183,100.77812434482144,31.52967460208544,31.621785844843423,0.0,0.1351852416992187,0.0005732682646133,0.0,3.64997861422001,True,-2.383349895477295,13.560352325439451,False
yolov10s,/model.12/Concat_output_0,/model.13/cv1/conv/Conv,0.188720703125,0.3720330845701884,14.2301851381728,227.25633419854955,31.52967460208544,31.50919011929712,0.0,0.1791187286376953,0.0039290682070401,0.0,2.0443429420882326,True,-2.576502799987793,13.916038036346436,False
yolov10s,/model.13/Split_output_1,/model.13/m.0/cv1/conv/Conv;/model.13/Concat,0.158203125,0.3808062229494667,15.266286729261497,186.11828202556757,31.52967460208544,31.83741254433656,0.0,0.116343994140625,0.001725544971795,0.0,2.1996245358668167,True,-0.4039020538330078,14.429703235626222,False
yolov10s,/model.13/m.0/cv1/act/Mul_output_0,/model.13/m.0/cv2/conv/Conv,0.126953125,0.3085623079326147,17.521977867480793,184.32257776740715,31.52967460208544,30.823229112882416,0.0,0.1019171142578125,0.0014652148623154,0.0,1.7267047020836463,True,-1.066007137298583,12.250646114349363,False
yolov10s,/model.13/Concat_output_0,/model.13/cv2/conv/Conv,0.158203125,0.3804523715489137,15.912922566797093,186.29138704393068,31.52967460208544,31.795083163913965,0.0,0.1482928975423177,0.0021824165226842,0.0,2.19916987164949,True,-0.7318663597106934,12.08098316192627,False
yolov10s,/model.15/Concat_output_0,/model.16/cv1/conv/Conv,0.1668701171875,0.3549788443063715,14.857021943030771,210.59793759280703,31.52967460208544,31.669084212325046,0.0,0.200019785563151,0.0036884253682201,0.0234375,2.2184683169780013,True,-3.72149658203125,15.542577266693115,False
yolov10s,/model.16/Split_output_1,/model.16/m.0/cv1/conv/Conv;/model.16/Concat,0.2052001953125,0.4497787754336798,11.843795804517583,204.3886739905874,31.52967460208544,31.284772305133263,0.0,0.1687376403808593,0.0029809765643206,0.234375,3.558833234480074,True,2.948026657104492,16.192381858825684,False
yolov10s,/model.16/m.0/cv1/act/Mul_output_0,/model.16/m.0/cv2/conv/Conv,0.11163330078125,0.2335847613906767,16.53927639153619,214.10522866409968,31.52967460208544,31.38517821870844,0.0,0.1082910919189453,0.0020882601254653,0.0,1.3990147812536025,True,0.6455216407775861,13.824496269226074,False
yolov10s,/model.16/Concat_output_0,/model.16/cv2/conv/Conv,0.2052001953125,0.3638669557291923,12.074574267374842,252.6464303848976,31.52967460208544,31.35939167456384,0.0,0.2323622131347656,0.0061774272836318,0.2135416666666666,2.732054440430176,True,0.5836634635925311,13.954976081848146,False
yolov10s,/model.16/cv2/act/Mul_output_0,/model.17/conv/Conv;/model.23/Shape;/model.23/one2one_cv2.0/one2one_cv2.0.0/conv/Conv,0.172119140625,0.2912442083892489,11.138310856025363,264.75848370156444,31.52967460208544,31.72653324125324,0.0,0.2596311569213867,0.007438820325334,0.2109375,3.040207655131521,True,1.718912124633789,11.7088942527771,False
yolov10s,/model.23/one2one_cv3.0/one2one_cv3.0.0/one2one_cv3.0.0.0/act/Mul_output_0,/model.23/one2one_cv3.0/one2one_cv3.0.0/one2one_cv3.0.0.1/conv/Conv,0.2376708984375,0.7711822683803399,13.369770218049853,138.0692566021069,31.52967460208544,31.620112956723013,0.0,0.1068608474731445,0.0008172950013663,0.1328125,5.650827124867763,False,5.559704303741455,13.71772003173828,False
yolov10s,/model.23/one2one_cv2.0/one2one_cv2.0.0/act/Mul_output_0,/model.23/one2one_cv2.0/one2one_cv2.0.1/conv/Conv,0.29248046875,0.5288792655320776,11.219581618596088,247.7526697292176,31.52967460208544,31.803879997454278,0.0,0.3133904266357422,0.0079414716381561,0.328125,3.5570765035722944,False,3.366786479949951,10.568771839141846,False
yolov10s,/model.18/Concat_output_0,/model.19/cv1/conv/Conv,0.21484375,0.3633861468438976,13.457867954333553,264.86975586701936,31.52967460208544,31.44361320763316,0.0,0.2472808329264323,0.0073168676033209,0.046875,2.098865040356319,True,-1.3003697395324707,11.567584037780762,False
yolov10s,/model.23/one2one_cv2.0/one2one_cv2.0.1/act/Mul_output_0,/model.23/one2one_cv2.0/one2one_cv2.0.2/Conv,1.015625,1.2725885956558165,9.308042899435485,357.53895764366814,31.52967460208544,31.511603644843923,0.0,0.6337754058837891,0.0212754670099423,0.4375,2.7394523418579904,False,-7.073225975036621,18.40774440765381,False
yolov10s,/model.23/one2one_cv3.0/one2one_cv3.0.1/one2one_cv3.0.1.0/act/Mul_output_0,/model.23/one2one_cv3.0/one2one_cv3.0.1/one2one_cv3.0.1.1/conv/Conv,0.9072265625,0.5619647867892427,-0.4472063805650919,723.2437148280412,31.52967460208544,31.56644284461963,0.0,0.6996081161499024,0.0993468087586875,0.90625,5.532338454414444,False,3.189162254333495,11.03941822052002,False
yolov10s,/model.19/Split_output_1,/model.19/m.0/cv1/conv/Conv;/model.19/Concat,0.237060546875,0.2968944555172013,11.88764768442087,357.7133995816465,31.52967460208544,31.19656502580285,0.0,0.2631141662597656,0.014410315590624,0.171875,1.51233014461369,True,-2.978734970092772,13.369995594024658,False
yolov10s,/model.23/one2one_cv3.0/one2one_cv3.0.1/one2one_cv3.0.1.1/act/Mul_output_0,/model.23/one2one_cv3.0/one2one_cv3.0.2/Conv,3.013671875,2.36811745551646,1.136417426532951,570.1258596168545,31.52967460208544,31.567159156089232,0.0,0.6264268493652344,0.0346626583156254,0.8046875,6.826544865655818,False,-18.91027593612671,30.355818748474125,False
yolov10s,/model.19/m.0/cv1/act/Mul_output_0,/model.19/m.0/cv2/conv/Conv,0.223388671875,0.2612121466914687,11.693273523971058,383.1296755055097,31.52967460208544,31.449261453329207,0.0,0.2465029907226562,0.0154070279513336,0.1796875,1.4539486157421195,True,-1.0559535026550293,11.098412990570068,False
yolov10s,/model.19/Concat_output_0,/model.19/cv2/conv/Conv,0.237060546875,0.3924267145228847,13.01002673221705,270.63174108603323,31.52967460208544,31.36026622824941,0.0,0.2788535054524739,0.0086269308947525,0.0963541666666666,1.96850925467184,True,-1.0330955982208252,10.96389865875244,False
yolov10s,/model.19/cv2/act/Mul_output_0,/model.20/cv1/conv/Conv;/model.23/one2one_cv2.1/one2one_cv2.1.0/conv/Conv;/model.23/Shape_5,0.2095947265625,0.385022803836104,13.344523598948726,243.87760040304147,31.52967460208544,31.35886649086203,0.0,0.2882171630859375,0.0071290881274762,0.140625,2.4493621387985915,True,-0.4117898941040048,9.94627285003662,False
yolov10s,/model.23/one2one_cv3.1/one2one_cv3.1.0/one2one_cv3.1.0.0/act/Mul_output_0,/model.23/one2one_cv3.1/one2one_cv3.1.0/one2one_cv3.1.0.1/conv/Conv,0.470703125,0.5204952493900107,5.444276191623416,405.14298689014527,31.52967460208544,31.521539804125315,0.0,0.6117905426025391,0.0343639695456081,0.69921875,4.03845833614852,False,-0.785153865814209,12.291460037231444,False
yolov10s,/model.23/one2one_cv2.1/one2one_cv2.1.0/act/Mul_output_0,/model.23/one2one_cv2.1/one2one_cv2.1.1/conv/Conv,0.1739501953125,0.4456143081292533,16.7084624545127,174.88147502973803,31.52967460208544,31.54369649675785,0.0,0.1738320922851562,0.0022326956050276,0.0,2.4901305565200724,False,0.5865907669067383,11.34372615814209,False
yolov10s,/model.21/Concat_output_0,/model.22/cv1/conv/Conv,0.12744140625,0.4600041967164783,17.94877000286948,124.11571548159048,31.52967460208544,31.213916555076416,0.0,0.1389878336588541,0.0008887676430157,0.0,2.41208509593759,True,-0.8112721443176287,11.002817153930664,False
yolov10s,/model.23/one2one_cv2.1/one2one_cv2.1.1/act/Mul_output_0,/model.23/one2one_cv2.1/one2one_cv2.1.2/Conv,0.6591796875,1.3708672314190262,14.74510110669101,215.4202049853603,31.52967460208544,31.542867166403443,0.0,0.5778143310546875,0.0120976015471435,0.09375,2.447074103287137,False,-6.288723468780518,18.340097427368164,False
yolov10s,/model.23/one2one_cv3.1/one2one_cv3.1.1/one2one_cv3.1.1.0/act/Mul_output_0,/model.23/one2one_cv3.1/one2one_cv3.1.1/one2one_cv3.1.1.1/conv/Conv,0.93115234375,0.5154388886117497,0.7649817097189882,809.322422534982,31.52967460208544,31.69490345047894,0.0,0.8183140563964844,0.119435064403129,0.9296875,3.444191732790936,False,2.4887495040893564,10.759132385253906,False
yolov10s,/model.22/Split_output_1,/model.22/m.0/cv1/cv1.0/conv/Conv;/model.22/m.0/Add;/model.22/Concat,0.23876953125,0.355942774017435,11.002530692739,300.52232495878786,31.52967460208544,31.583746934268905,0.0,0.409649658203125,0.0145975625954766,0.40234375,2.139760432199062,True,-0.9335241317749025,11.831738471984863,True
yolov10s,/model.23/one2one_cv3.1/one2one_cv3.1.1/one2one_cv3.1.1.1/act/Mul_output_0,/model.23/one2one_cv3.1/one2one_cv3.1.2/Conv,1.4931640625,2.316657227609692,9.33425319000633,288.7511764915712,31.52967460208544,31.593860101070234,0.0,0.4217552185058594,0.0079791741960651,0.3984375,4.559236236940478,False,-15.79316234588623,26.685962677001957,False
yolov10s,/model.22/m.0/cv1/cv1.0/act/Mul_output_0,/model.22/m.0/cv1/cv1.1/conv/Conv,0.09588623046875,0.2331039947197447,16.736667294312127,184.28269022865183,31.52967460208544,31.36895836662019,0.0,0.2252154541015625,0.0031377939942826,0.0,2.032273822611018,True,-0.7670450210571289,12.354816436767578,False
yolov10s,/model.22/m.0/cv1/cv1.2/act/Mul_output_0,/model.22/m.0/cv1/cv1.3/conv/Conv,0.1893310546875,0.312539736301494,12.267537899976766,271.3904910260031,31.52967460208544,31.48691644987258,0.0,0.3507032775878906,0.0105847288678565,0.197265625,2.374571686363109,True,-0.5689473152160645,14.749471187591553,False
yolov10s,/model.22/m.0/cv1/cv1.4/act/Mul_output_0,/model.22/m.0/Add,0.2398681640625,0.3830292170509907,12.521675803228405,280.55545821637486,31.52967460208544,31.578692805225835,0.0,0.4460391235351562,0.0143090916080296,0.17578125,2.169843070433107,True,,,False
yolov10s,/model.22/Concat_output_0,/model.22/cv2/conv/Conv,0.23876953125,0.4356748725025106,12.988139048124047,245.5242584580858,31.52967460208544,31.557696599438504,0.0,0.3325886027018229,0.0080974869727007,0.1588541666666666,2.6922319390857385,True,-1.9525437355041493,12.890658378601074,False
yolov10s,/model.22/cv2/act/Mul_output_0,/model.23/one2one_cv2.2/one2one_cv2.2.0/conv/Conv;/model.23/Shape_9,0.2100830078125,0.4083033937371897,14.987213532102302,230.5079726096518,31.52967460208544,31.4433710433328,0.0,0.2783889770507812,0.0060714291806793,0.017578125,2.029365704684809,True,-2.632320880889892,14.423340797424316,False
yolov10s,/model.23/one2one_cv3.2/one2one_cv3.2.0/one2one_cv3.2.0.0/act/Mul_output_0,/model.23/one2one_cv3.2/one2one_cv3.2.0/one2one_cv3.2.0.1/conv/Conv,0.300537109375,0.3126192637123713,5.4801176883165965,430.6856314647249,31.52967460208544,31.538728062898205,0.0,0.5984689331054688,0.0395797782152306,0.712890625,4.336603486522313,False,-0.8782153129577637,13.799543857574465,False
yolov10s,/model.23/one2one_cv2.2/one2one_cv2.2.0/act/Mul_output_0,/model.23/one2one_cv2.2/one2one_cv2.2.1/conv/Conv,0.202392578125,0.5428207395874258,17.46570188904039,167.03833952423355,31.52967460208544,31.53555782076762,0.0,0.22483154296875,0.0026009169832037,0.0,2.260457609557816,False,0.1920671463012695,13.893009185791016,False
yolov10s,/model.23/one2one_cv2.2/one2one_cv2.2.1/act/Mul_output_0,/model.23/one2one_cv2.2/one2one_cv2.2.2/Conv,0.95947265625,1.8153616358451208,13.427998950377976,236.78133409484067,31.52967460208544,31.53251001154278,0.0,0.671370849609375,0.0095999595002248,0.09375,2.344615481478616,False,-5.348330974578858,19.58686637878418,False
yolov10s,/model.23/one2one_cv3.2/one2one_cv3.2.1/one2one_cv3.2.1.0/act/Mul_output_0,/model.23/one2one_cv3.2/one2one_cv3.2.1/one2one_cv3.2.1.1/conv/Conv,0.82470703125,0.5044497266613576,1.1015402240324477,732.4193680216389,31.52967460208544,31.412022865174222,0.0,0.862896728515625,0.0901983358394185,0.9453125,3.411021681756379,False,2.369592666625976,11.968642234802246,False
yolov10s,/model.23/one2one_cv3.2/one2one_cv3.2.1/one2one_cv3.2.1.1/act/Mul_output_0,/model.23/one2one_cv3.2/one2one_cv3.2.2/Conv,0.474853515625,2.303088688304332,20.207504745695083,92.36916323731651,31.52967460208544,31.498578803022,0.0,0.1747021484375,0.0006685562235648,0.0,3.8097534967202416,False,-17.237172603607178,29.89960193634033,False
yolov10x,/model.0/act/Mul_output_0,/model.1/conv/Conv,2.509765625,1.1674553838467372,-9.155616557315476,963.0989034417843,31.529674602085436,31.6230795018353,0.0,0.7527470932006836,0.1286846771540287,0.9875,13.15917889271618,True,7.74192714691162,18.631537437438965,False
yolov10x,/model.1/act/Mul_output_0,/model.2/cv1/conv/Conv,2.8359375,0.9953606441729407,-10.603516130860626,1276.4217747986977,31.529674602085436,30.96779484979599,0.0,0.8113076324462891,0.34077745808665016,1.0,9.864663688147644,True,2.138176918029786,15.505124568939209,False
yolov10x,/model.2/Split_output_1,/model.2/m.0/cv1/conv/Conv;/model.2/m.0/Add;/model.2/Concat,0.56396484375,0.6939687144907478,2.888701002180163,364.0744095869015,31.529674602085436,30.851953964956095,0.0,0.3312634735107422,0.017237042543868746,0.6125,9.765920751663046,True,5.554543018341064,9.962586879730225,False
yolov10x,/model.2/m.0/cv1/act/Mul_output_0,/model.2/m.0/cv2/conv/Conv,0.4775390625,0.5987395734425157,7.42634143437985,357.3131115585763,31.529674602085436,31.412206930344237,0.0,0.4087408752441406,0.017427300230616852,0.4875,4.057938628081137,True,-0.7557816505432129,9.39988899230957,False
yolov10x,/model.2/m.0/cv2/act/Mul_output_0,/model.2/m.0/Add,0.176513671875,0.44625815447039724,13.847892019011596,177.20264427178256,31.529674602085436,31.459583565437104,0.0,0.15076515197753906,0.0023874165003140934,0.1,3.8625931429292484,True,,,False
yolov10x,/model.2/m.0/Add_output_0,/model.2/m.1/cv1/conv/Conv;/model.2/m.1/Add;/model.2/Concat,0.56396484375,0.9944781392659358,7.712377772556749,254.05912912926948,31.529674602085436,31.82390945151738,0.0,0.24523880004882812,0.007165255125167594,0.4125,6.725150115151991,True,4.378861427307127,9.381090641021729,False
yolov10x,/model.2/m.1/cv1/act/Mul_output_0,/model.2/m.1/cv2/conv/Conv,0.317626953125,0.28962223948415877,7.763702214232673,491.3188823256202,31.529674602085436,31.815705310847058,0.0,0.4777310638427734,0.04750836847806495,0.8,2.502537029009561,True,-1.4840810298919678,8.8063063621521,False
yolov10x,/model.2/m.1/cv2/act/Mul_output_0,/model.2/m.1/Add,0.425048828125,0.5420102443225715,8.36783191580551,351.32523230810466,31.529674602085436,31.47312873005504,0.0,0.4584987335205078,0.02097478526447791,0.5375,4.242743318889957,True,,,False
yolov10x,/model.2/m.1/Add_output_0,/model.2/m.2/cv1/conv/Conv;/model.2/m.2/Add;/model.2/Concat,0.56396484375,1.3329282814791044,11.898479824371833,189.54977061454207,31.529674602085436,31.38481062905107,0.0,0.14958718872070312,0.0022259262721774126,0.2125,4.3756729200533515,True,2.637451171875,10.120841979980469,False
yolov10x,/model.2/m.2/cv1/act/Mul_output_0,/model.2/m.2/cv2/conv/Conv,0.157958984375,0.21308387933068157,12.410422645383498,332.1021994825799,31.529674602085436,32.43323599505845,0.0,0.18589599609375,0.008181394902390875,0.2,1.8019373771332499,True,1.1750469207763672,6.229755878448486,False
yolov10x,/model.2/m.2/cv2/act/Mul_output_0,/model.2/m.2/Add,0.43115234375,0.6966826048594245,12.851616260960242,277.25143221994864,31.529674602085436,31.572994748758735,0.0,0.44041708374023436,0.01477696734378455,0.1375,2.2992755467037744,True,,,False
yolov10x,/model.2/Concat_output_0,/model.2/cv2/conv/Conv,0.56396484375,1.1164183154175182,4.862240560815337,226.30966055542683,31.529674602085436,31.488052835716225,0.0,0.30827351989746093,0.005612980514116715,0.415,11.940069671472816,True,2.941610336303711,8.63713788986206,False
yolov10x,/model.2/cv2/act/Mul_output_0,/model.3/conv/Conv,0.3125,0.22952989378259472,6.92806909701271,609.9423377619156,31.529674602085436,32.118249419207956,0.0,0.44745216369628904,0.0712124755117847,0.94375,1.7148615998796712,True,-0.1718769073486328,6.8101441860198975,False
yolov10x,/model.3/act/Mul_output_0,/model.4/cv1/conv/Conv,0.2340087890625,0.3012339972004867,10.958676560189645,348.02159940209634,31.529674602085436,31.258968724959246,0.0,0.353193359375,0.01801952447626881,0.45,2.19659057585732,True,0.8155739307403564,4.114679336547852,False
yolov10x,/model.4/Split_output_1,/model.4/m.0/cv1/conv/Conv;/model.4/m.0/Add;/model.4/Concat,0.483154296875,0.41146828920969636,3.707797127035704,526.0505625250968,31.529674602085436,31.654505595434355,0.0,0.590101806640625,0.06191530904377523,0.8,4.485851183655903,True,0.5395827293395996,7.520655155181885,False
yolov10x,/model.4/m.0/cv1/act/Mul_output_0,/model.4/m.0/cv2/conv/Conv,0.216064453125,0.2725546000251231,11.994074965817262,355.1467302003988,31.529674602085436,31.522046804172184,0.0,0.19230145263671874,0.0111303070042838,0.15,1.5698216266186418,True,-1.8439793586730957,8.327310562133789,False
yolov10x,/model.4/m.0/cv2/act/Mul_output_0,/model.4/m.0/Add,0.12255859375,0.237127399272464,15.33065353597113,231.54747266009377,31.529674602085436,31.72226315708379,0.0,0.19653857421875,0.00438573486763132,0.0,1.8125444526056718,True,,,False
yolov10x,/model.4/m.0/Add_output_0,/model.4/m.1/cv1/conv/Conv;/model.4/m.1/Add;/model.4/Concat,0.483154296875,0.4450709242151194,6.460294087239262,486.33400481443294,31.529674602085436,31.651439472033328,0.0,0.49563470458984377,0.044738668362467954,0.79375,3.07376085569332,True,-1.2091102600097656,9.260648727416992,False
yolov10x,/model.4/m.1/cv1/act/Mul_output_0,/model.4/m.1/cv2/conv/Conv,0.1807861328125,0.2609343344524397,13.49347239292873,310.39298707070833,31.529674602085436,31.971511968393116,0.0,0.08306387329101562,0.0036848559483456315,0.0,1.275692297022899,True,-1.0002176761627193,7.525913715362549,False
yolov10x,/model.4/m.1/cv2/act/Mul_output_0,/model.4/m.1/Add,0.162109375,0.2439122429017788,13.161414758979404,297.75053165021086,31.529674602085436,31.74100059142171,0.0,0.19784695434570312,0.007381036966543843,0.0875,1.7860019441449695,True,,,False
yolov10x,/model.4/m.1/Add_output_0,/model.4/m.2/cv1/conv/Conv;/model.4/m.2/Add;/model.4/Concat,0.483154296875,0.48372178204915184,8.32787326973623,447.47442234884886,31.529674602085436,31.479912737417955,0.0,0.417405517578125,0.03377438211823478,0.70625,2.2931731213856104,True,-2.2780730724334717,9.247634410858154,False
yolov10x,/model.4/m.2/cv1/act/Mul_output_0,/model.4/m.2/cv2/conv/Conv,0.1806640625,0.2516567450254296,13.417455311055825,321.6186396745351,31.529674602085436,32.0488116436196,0.0,0.07870889282226562,0.003686591053848504,0.0,1.2431561484436568,True,0.41663050651550293,5.879130125045776,False
yolov10x,/model.4/m.2/cv2/act/Mul_output_0,/model.4/m.2/Add,0.131591796875,0.2630265793740359,15.81221797792361,224.13371736156728,31.529674602085436,31.117449155217503,0.0,0.1536708984375,0.0032408475901747904,0.0,1.6657615093162461,True,,,False
yolov10x,/model.4/m.2/Add_output_0,/model.4/m.3/cv1/conv/Conv;/model.4/m.3/Add;/model.4/Concat,0.483154296875,0.5329699632547052,10.202734423063042,406.1263109053624,31.529674602085436,31.63104046229258,0.0,0.3399996337890625,0.023218939883559424,0.54375,1.8354213836203903,True,-3.0262742042541495,9.191706657409668,False
yolov10x,/model.4/m.3/cv1/act/Mul_output_0,/model.4/m.3/cv2/conv/Conv,0.1383056640625,0.2529573971036138,15.820763878573956,244.9461380037058,31.529674602085436,33.83672731253024,0.0,0.05154489135742187,0.001365567180101496,0.0,1.2092508276901084,True,1.4505665302276611,4.978513479232788,False
yolov10x,/model.4/m.3/cv2/act/Mul_output_0,/model.4/m.3/Add,0.273681640625,0.32324676442827144,10.890502754161119,379.3058074900145,31.529674602085436,31.990725261999057,0.0,0.33627703857421876,0.020713000004605478,0.4125,1.8928190837389678,True,,,False
yolov10x,/model.4/m.3/Add_output_0,/model.4/m.4/cv1/conv/Conv;/model.4/m.4/Add;/model.4/Concat,0.483154296875,0.6216032051813462,11.925045275748957,348.2175175349234,31.529674602085436,31.604995942559743,0.0,0.2933790588378906,0.014845466579193946,0.2375,1.7720076085532277,True,-3.6809744834899893,9.193460941314695,False
yolov10x,/model.4/m.4/cv1/act/Mul_output_0,/model.4/m.4/cv2/conv/Conv,0.1715087890625,0.2497671355891745,13.967907373671466,307.63029458920636,31.529674602085436,32.74682282757637,0.0,0.05224679565429687,0.00221196655248877,0.0,1.1211619710546397,True,3.127163887023926,4.390968084335327,False
yolov10x,/model.4/m.4/cv2/act/Mul_output_0,/model.4/m.4/Add,0.288818359375,0.3673569957356555,11.989743086001951,352.22039188579254,31.529674602085436,31.729879401879867,0.0,0.3411878967285156,0.018318554519480754,0.20625,1.7374189196893415,True,,,False
yolov10x,/model.4/m.4/Add_output_0,/model.4/m.5/cv1/conv/Conv;/model.4/m.5/Add;/model.4/Concat,0.483154296875,0.7208770171564459,13.537865200181052,300.26359538249085,31.529674602085436,31.498191273216474,0.0,0.2603373718261719,0.009744023544377485,0.0125,1.584495006346823,True,-2.545841932296753,7.5462024211883545,False
yolov10x,/model.4/m.5/cv1/act/Mul_output_0,/model.4/m.5/cv2/conv/Conv,0.1868896484375,0.2709728564711841,13.802030570725655,308.98505330146855,31.529674602085436,31.799329871155138,0.0,0.0826962890625,0.0035499523061857767,0.0,1.2404912270192363,True,1.6373782157897951,3.542394280433655,False
yolov10x,/model.4/m.5/cv2/act/Mul_output_0,/model.4/m.5/Add,0.446533203125,0.8319471013024424,15.479057434841891,240.45624377658098,31.529674602085436,31.544651104870617,0.0,0.398108154296875,0.011104864100570213,0.00625,1.619784768736932,True,,,False
yolov10x,/model.4/Concat_output_0,/model.4/cv2/conv/Conv,0.483154296875,0.6545193648970568,8.675133756620944,330.70545595552227,31.529674602085436,31.551511654323082,0.0,0.3780877227783203,0.016736889220894596,0.4171875,4.042415420817335,True,-0.6037280559539795,5.547426700592041,False
yolov10x,/model.4/cv2/act/Mul_output_0,/model.5/cv1/conv/Conv;/model.15/Concat,0.2117919921875,0.37142229550175887,14.65082509240137,255.45804236609345,31.529674602085436,31.072475104288127,0.0,0.19325125122070314,0.005372264113527909,0.009375,1.7781604808000486,True,-2.8327362537384033,7.7193944454193115,False
yolov10x,/model.5/cv2/conv/Conv_output_0,/model.6/cv1/conv/Conv,0.37646484375,0.5293642084302612,12.446590840725186,318.60153617132744,31.529674602085436,31.527233339621148,0.0,0.3186153869628906,0.013561318593201865,0.125,1.7176836772021251,True,-0.3950886726379397,3.592140555381775,False
yolov10x,/model.6/Split_output_1,/model.6/m.0/cv1/cv1.0/conv/Conv;/model.6/m.0/Add;/model.6/Concat,0.346923828125,0.33308397058799194,8.419116984298228,466.61469396331,31.529674602085436,31.546176508286937,0.0,0.40863165283203123,0.03894488797217092,0.75,2.01052169503198,True,0.3125131130218506,5.040473937988281,True
yolov10x,/model.6/m.0/cv1/cv1.0/act/Mul_output_0,/model.6/m.0/cv1/cv1.1/conv/Conv,0.1666259765625,0.2693408368671866,13.459815107549105,277.1523188546769,31.529674602085436,31.552016010919758,0.0,0.3068939208984375,0.009520546071089644,0.0625,2.048634532416958,True,-0.24220633506774902,4.996410369873047,False
yolov10x,/model.6/m.0/cv1/cv1.2/act/Mul_output_0,/model.6/m.0/cv1/cv1.3/conv/Conv,0.204345703125,0.26528884166297617,10.915888332514399,345.0837752019041,31.529674602085436,31.48489569457373,0.0,0.41686431884765623,0.019793638712920086,0.4484375,2.1610665218923053,True,0.011446833610534002,4.570865869522095,False
yolov10x,/model.6/m.0/cv1/cv1.4/act/Mul_output_0,/model.6/m.0/Add,0.14013671875,0.2633543266232386,13.074561902160937,238.39080528878668,31.529674602085436,31.611095361325813,0.0,0.24212176513671874,0.005916275833196048,0.16875,2.9949771228455933,True,,,False
yolov10x,/model.6/m.0/Add_output_0,/model.6/Concat,0.346923828125,0.40342222355031765,10.414508150458218,385.25858499368144,31.529674602085436,31.497595287602735,0.0,0.3908643798828125,0.023791894868134544,0.4875,2.119249759561988,True,,,False
yolov10x,/model.6/m.1/cv1/cv1.0/act/Mul_output_0,/model.6/m.1/cv1/cv1.1/conv/Conv,0.2288818359375,0.29627183809835916,11.245624023812574,346.09790507985474,31.529674602085436,31.46583662343645,0.0,0.438186767578125,0.020676287432964107,0.353125,2.107704732604733,True,-0.5743803977966304,5.744632959365845,False
yolov10x,/model.6/m.1/cv1/cv1.2/act/Mul_output_0,/model.6/m.1/cv1/cv1.3/conv/Conv,0.267822265625,0.24533480245174105,8.358586059731735,489.0638172853674,31.529674602085436,31.595170019345836,0.0,0.5905375061035156,0.053685669140129136,0.8265625,1.9119825581288183,True,0.11784744262695312,4.921790361404419,False
yolov10x,/model.6/m.1/cv1/cv1.4/act/Mul_output_0,/model.6/m.1/Add,0.13232421875,0.220220305409967,12.989834106242682,269.1906629120358,31.529674602085436,31.52790323879451,0.0,0.2519073486328125,0.007759063237957335,0.13125,2.486569592968813,True,,,False
yolov10x,/model.6/m.1/Add_output_0,/model.6/Concat,0.346923828125,0.4418225026055784,11.566625042865624,351.77446617911954,31.529674602085436,31.526192161177914,0.0,0.37857086181640626,0.01872381426351931,0.315625,1.9560650630427188,True,,,False
yolov10x,/model.6/m.2/cv1/cv1.0/act/Mul_output_0,/model.6/m.2/cv1/cv1.1/conv/Conv,0.2381591796875,0.3327103858272394,11.731228735388498,320.685247725936,31.529674602085436,31.54053345345957,0.0,0.4412943725585938,0.01804163730932238,0.29375,2.3129083605093217,True,-0.46146273612976074,5.975334882736206,False
yolov10x,/model.6/m.2/cv1/cv1.2/act/Mul_output_0,/model.6/m.2/cv1/cv1.3/conv/Conv,0.23876953125,0.25130557486839633,10.329492424408606,425.65211717255926,31.529674602085436,31.5678263559292,0.0,0.5209779357910156,0.03770079253346654,0.5828125,1.5602412886965569,True,0.01689004898071289,5.334470748901367,False
yolov10x,/model.6/m.2/cv1/cv1.4/act/Mul_output_0,/model.6/m.2/Add,0.2431640625,0.24784139514451065,8.699257734533802,439.5452177650995,31.529674602085436,31.547629674122703,0.0,0.44847625732421875,0.036826735403000785,0.675,2.3824683260640698,True,,,False
yolov10x,/model.6/m.2/Add_output_0,/model.6/Concat,0.346923828125,0.49917464976168746,12.850470330987989,311.35770831752063,31.529674602085436,31.55853900669093,0.0,0.3391943359375,0.01324202151170823,0.09375,1.8316726148167266,True,,,False
yolov10x,/model.6/m.3/cv1/cv1.0/act/Mul_output_0,/model.6/m.3/cv1/cv1.1/conv/Conv,0.22265625,0.3470190916159713,13.308754200241275,287.44816181580103,31.529674602085436,31.51847227645199,0.0,0.3648614501953125,0.012328999729836301,0.0625,1.9065706459070062,True,-0.49312329292297363,6.050942420959473,False
yolov10x,/model.6/m.3/cv1/cv1.2/act/Mul_output_0,/model.6/m.3/cv1/cv1.3/conv/Conv,0.1910400390625,0.25529849972617497,12.371333482035887,335.23870133117407,31.529674602085436,31.465077586692345,0.0,0.4191007690429687,0.019040809596756424,0.115625,1.6063338819188464,True,-0.38300931453704856,5.798902988433838,False
yolov10x,/model.6/m.3/cv1/cv1.4/act/Mul_output_0,/model.6/m.3/Add,0.2027587890625,0.2968295762873616,12.184601618111898,306.0205072423829,31.529674602085436,31.525501544030412,0.0,0.3313206787109375,0.013045560396317091,0.209375,2.1994527931942685,True,,,False
yolov10x,/model.6/m.3/Add_output_0,/model.6/Concat,0.346923828125,0.576397871876172,14.185679416551409,269.64338798493935,31.529674602085436,31.536417884890938,0.0,0.3001458740234375,0.008834364002728207,0.00625,1.7843121691691737,True,,,False
yolov10x,/model.6/m.4/cv1/cv1.0/act/Mul_output_0,/model.6/m.4/cv1/cv1.1/conv/Conv,0.229736328125,0.3798384140925836,13.964695056428852,270.9622596910731,31.529674602085436,31.48858929043734,0.0,0.355468505859375,0.010738051750544387,0.034375,1.8065113827793404,True,-0.36738109588623047,6.099864959716797,False
yolov10x,/model.6/m.4/cv1/cv1.2/act/Mul_output_0,/model.6/m.4/cv1/cv1.3/conv/Conv,0.2154541015625,0.27410623007594487,12.25693748640007,352.1387947776921,31.529674602085436,31.483742413241444,0.0,0.4241807556152344,0.021534287587589327,0.0890625,1.4336425278987344,True,-0.5431244373321533,5.726697206497192,False
yolov10x,/model.6/m.4/cv1/cv1.4/act/Mul_output_0,/model.6/m.4/Add,0.30908203125,0.4182155938843486,11.358139126325938,331.09418210333763,31.529674602085436,31.559822324430684,0.0,0.4508145141601563,0.021343914923682997,0.2875,2.174304011884709,True,,,False
yolov10x,/model.6/m.4/Add_output_0,/model.6/Concat,0.346923828125,0.7153621906636213,16.163610367065104,217.26319482417642,31.529674602085436,31.535890194717364,0.0,0.25898419189453126,0.004976459802991139,0.0,1.716841355233998,True,,,False
yolov10x,/model.6/m.5/cv1/cv1.0/act/Mul_output_0,/model.6/m.5/cv1/cv1.1/conv/Conv,0.2177734375,0.41248570898791376,15.48837473050262,236.52334583756132,31.529674602085436,31.52822135532209,0.0,0.30084124755859376,0.0070319335237995035,0.0,1.5974966700833328,True,-0.33818554878234863,5.989043235778809,False
yolov10x,/model.6/m.5/cv1/cv1.2/act/Mul_output_0,/model.6/m.5/cv1/cv1.3/conv/Conv,0.180419921875,0.29446694181104194,-28.94288587077274,274.4896405107064,31.529674602085436,31.517236633019383,0.0,0.3412491760253906,0.009996574490089002,0.0328125,1.536769291691448,True,-0.4812889099121094,5.810474395751953,False
yolov10x,/model.6/m.5/cv1/cv1.4/act/Mul_output_0,/model.6/m.5/Add,0.29443359375,0.6632866102573488,15.967675210360746,198.86765081662307,31.529674602085436,31.580527491283178,0.0,0.3160697021484375,0.00554533031997869,0.0125,2.259336992527553,True,,,False
yolov10x,/model.6/Concat_output_0,/model.6/cv2/conv/Conv,0.346923828125,0.6270776010126241,12.470925581671409,247.85110287629473,31.529674602085436,31.53403854942351,0.0,0.32234247589111326,0.008212737710470833,0.206640625,3.1810687732890868,True,-1.2879273891448975,6.839308738708496,False
yolov10x,/model.6/cv2/act/Mul_output_0,/model.7/cv1/conv/Conv;/model.12/Concat,0.23486328125,0.4108338662122832,14.752488429762039,256.1102154748657,31.529674602085436,31.11142585424679,0.0,0.20058795166015625,0.005772178766409551,0.0,1.5809020210422795,True,-1.452772617340088,6.1056602001190186,False
yolov10x,/model.7/cv2/conv/Conv_output_0,/model.8/cv1/conv/Conv,0.197021484375,0.6578492894719487,20.021092545286606,134.17301867248386,31.529674602085436,31.52525472380741,0.0,0.14467578125,0.0010691634954775335,0.0,1.872125672342671,True,-0.12316215038299516,3.326651692390442,False
yolov10x,/model.8/Split_output_1,/model.8/m.0/cv1/cv1.0/conv/Conv;/model.8/m.0/Add;/model.8/Concat,0.332763671875,0.45933276082726715,10.683966469808432,324.5536519788125,31.529674602085436,31.608667577659602,0.0,0.348556640625,0.01626556054015458,0.371875,2.7237046113793357,True,0.21084856986999512,4.1362526416778564,True
yolov10x,/model.8/m.0/cv1/cv1.0/act/Mul_output_0,/model.8/m.0/cv1/cv1.1/conv/Conv,0.167236328125,0.29819813327747724,-11.439942096134473,251.24863853619172,31.529674602085436,31.528915809285305,0.0,0.331324951171875,0.008087205463626576,0.11875,2.4511031535002554,True,-0.5589804649353027,4.884509801864624,False
yolov10x,/model.8/m.0/cv1/cv1.2/act/Mul_output_0,/model.8/m.0/cv1/cv1.3/conv/Conv,0.154052734375,0.20010294843522947,-18.350290706556606,344.9005901196873,31.529674602085436,31.577682424556606,0.0,0.48038037109375,0.019962630606713692,0.4515625,3.0113104666022963,True,-1.1039845943450928,5.809971332550049,False
yolov10x,/model.8/m.0/cv1/cv1.4/act/Mul_output_0,/model.8/m.0/Add,0.1612548828125,0.27931686824142865,11.112599061592867,258.63882820552453,31.529674602085436,31.547742922358122,0.0,0.351257080078125,0.00947490254881174,0.221875,2.732245554874636,True,,,False
yolov10x,/model.8/m.0/Add_output_0,/model.8/Concat,0.332763671875,0.5352960910538191,12.409511770614913,278.49656945283306,31.529674602085436,31.535860004451067,0.0,0.345587890625,0.011076851568689929,0.16875,2.4627315156469973,True,,,False
yolov10x,/model.8/m.1/cv1/cv1.0/act/Mul_output_0,/model.8/m.1/cv1/cv1.1/conv/Conv,0.1395263671875,0.31802179377120005,12.71269641567875,196.55197764518957,31.529674602085436,31.59859398438614,0.0,0.257067626953125,0.00402736811913982,0.065625,2.462498497220255,True,-0.7423844337463379,5.781522035598755,False
yolov10x,/model.8/m.1/cv1/cv1.2/act/Mul_output_0,/model.8/m.1/cv1/cv1.3/conv/Conv,0.092529296875,0.2048466460118569,-29.53801801130699,202.36174624797428,31.529674602085436,31.565973531678665,0.0,0.37905712890625,0.004600308598892023,0.21875,16.218794930636786,True,0.046473145484924316,5.485651016235352,False
yolov10x,/model.8/m.1/cv1/cv1.4/act/Mul_output_0,/model.8/m.1/Add,0.2354736328125,0.38995151448389953,1.5880107619915407,270.52642080290116,31.529674602085436,31.563470835033076,0.0,0.506388427734375,0.013648445814314902,0.45,5.472851092268925,True,,,False
yolov10x,/model.8/m.1/Add_output_0,/model.8/Concat,0.332763671875,0.669242700596012,14.561043801117833,222.75644525855043,31.529674602085436,31.52110553198853,0.0,0.300946044921875,0.006072283747278999,0.05,2.354005808861964,True,,,False
yolov10x,/model.8/m.2/cv1/cv1.0/act/Mul_output_0,/model.8/m.2/cv1/cv1.1/conv/Conv,0.18896484375,0.306296186638984,-0.8208890597643972,276.38688855039544,31.529674602085436,31.57701094352232,0.0,0.410697021484375,0.011650945091882478,0.403125,4.816414651403521,True,-0.9262204170227051,6.269424915313721,False
yolov10x,/model.8/m.2/cv1/cv1.2/act/Mul_output_0,/model.8/m.2/cv1/cv1.3/conv/Conv,0.11004638671875,0.1725118310623591,-42.30813093075717,285.7820298259943,31.529674602085436,31.619813681676348,0.0,0.5876971435546875,0.00775678593827774,0.5265625,482.0006969296635,True,-0.5222175121307373,7.232320547103882,False
yolov10x,/model.8/m.2/cv1/cv1.4/act/Mul_output_0,/model.8/m.2/Add,0.1873779296875,0.39512901225000285,-43.71317439459153,212.4503893601384,31.529674602085436,31.708024321793925,0.0,0.49196875,0.0061125051054731734,0.3375,31.925822140999287,True,,,False
yolov10x,/model.8/Concat_output_0,/model.8/cv2/conv/Conv,0.332763671875,0.6473181463083826,13.489529601753837,230.30116774909493,31.529674602085436,31.546289749741504,0.0,0.306713623046875,0.00688736677181669,0.12,2.7253239757987835,True,0.7545247077941895,3.7138451337814335,False
yolov10x,/model.8/cv2/act/Mul_output_0,/model.9/cv1/conv/Conv,0.1644287109375,0.6852572696216115,21.806180394637234,107.4984035421852,31.529674602085436,31.5413081044117,0.0,0.1338173828125,0.0006483827772878515,0.0,1.8942782068668491,True,0.8048667907714844,3.3318415880203247,False
yolov10x,/model.9/Concat_output_0,/model.9/cv2/conv/Conv,0.137939453125,1.8627815843450335,29.003630345954107,33.174514671685564,31.529674602085436,31.421568444586413,0.0,0.0266392822265625,1.2277743421097472e-05,0.0,3.6444794438812043,True,8.758233308792114,6.392611503601074,False
yolov10x,/model.9/cv2/act/Mul_output_0,/model.10/cv1/conv/Conv,0.184814453125,0.5893509256976922,18.452092815885898,140.48824119853964,31.529674602085436,31.568464847100913,0.0,0.162673828125,0.0013514020336205898,0.0,2.197885721516506,True,0.10800623893737793,5.6832664012908936,False
yolov10x,/model.10/Split_output_1,/model.10/attn/Shape;/model.10/attn/qkv/conv/Conv;/model.10/Add,0.1998291015625,0.769177136829075,19.834378220647487,116.38858360904938,31.529674602085436,31.55387693256719,0.0,0.1665283203125,0.0009488118024723541,0.0,2.583189881079333,True,-0.28431677818298295,5.852624893188477,False
yolov10x,/model.10/attn/Split_output_1,/model.10/attn/MatMul,0.294921875,1.1244720295317563,21.459647841936835,117.49958783325046,31.529674602085436,31.53003078626807,0.0,0.11424560546875,0.0006509809005188077,0.0,1.6909379359770678,True,,,False
yolov10x,/model.10/attn/Split_output_2,/model.10/attn/Reshape_2;/model.10/attn/MatMul_1,0.193359375,1.1039708791503104,25.7296746933212,78.46674367594947,31.529674602085436,31.524722536228893,0.0,0.085225341796875,0.0002171740626597203,0.0,1.2413301791070892,True,,,False
yolov10x,/model.10/attn/Transpose_output_0,/model.10/attn/MatMul,0.03057861328125,0.19994980708651075,26.193643702850665,68.51328815772682,31.529674602085436,31.54663664687572,0.0,0.064837890625,0.0001262400163767655,0.0,1.6809766403356496,True,,,False
yolov10x,/model.10/attn/Transpose_1_output_0,/model.10/attn/MatMul_1,0.025299072265625,0.010950084875311312,-1.3132390572893087,1035.059043291459,31.529674602085436,31.44918970007869,0.0,0.9705303515625,0.05605927001686205,1.0,3.472362515761876,True,,,False
yolov10x,/model.10/attn/Add_output_0,/model.10/attn/proj/conv/Conv,0.10101318359375,0.5361019499624479,23.79062425127695,84.41287380724857,31.529674602085436,31.53635522253616,0.0,0.104668212890625,0.00030929855660249435,0.0,1.8717082070889632,True,-0.1422353982925415,3.0242172479629517,False
yolov10x,/model.10/Add_output_0,/model.10/ffn/ffn.0/conv/Conv;/model.10/Add_1,0.224365234375,1.124145188970388,23.95548768206776,89.4151627265006,31.529674602085436,31.52241150834208,0.0,0.10317822265625,0.00034103836917814,0.0,1.5251522731361657,True,0.08305668830871582,4.336854934692383,False
yolov10x,/model.10/ffn/ffn.0/act/Mul_output_0,/model.10/ffn/ffn.1/conv/Conv,0.1392822265625,0.6207942851564737,-6.877537880081533,100.51387229550964,31.529674602085436,31.813557676741038,0.0,0.4236947021484375,0.0008639935989656551,0.23125,70.46613540510111,True,0.8025737106800079,2.61115038394928,False
yolov10x,/model.10/Concat_output_0,/model.10/cv2/conv/Conv,0.205322265625,0.899385580345382,20.213318444733943,102.27468286146657,31.529674602085436,31.542484395871178,0.0,0.14702099609375,0.0006436059858129959,0.0,2.930061961470552,True,-1.3851172924041748,6.053639888763428,False
yolov10x,/model.12/Concat_output_0,/model.13/cv1/conv/Conv,0.23486328125,0.4305506125274519,14.300605686168609,244.38183790364775,31.529674602085436,31.224672698680045,0.0,0.23012673950195311,0.005922895161757115,0.01796875,1.9147974944515909,True,-0.8619173765182497,4.992321491241455,False
yolov10x,/model.13/Split_output_1,/model.13/m.0/cv1/cv1.0/conv/Conv;/model.13/m.0/Add;/model.13/Concat,0.2587890625,0.2962939908871039,9.554391673975204,391.2921070484192,31.529674602085436,30.927629172228578,0.0,0.35893817138671874,0.022368060528811674,0.553125,2.233155135286905,True,-0.5965583324432373,4.785647392272949,True
yolov10x,/model.13/m.0/cv1/cv1.0/act/Mul_output_0,/model.13/m.0/cv1/cv1.1/conv/Conv,0.133544921875,0.31724775378851033,15.98968995052688,188.5848655681381,31.529674602085436,31.591798907159472,0.0,0.20764483642578124,0.0030902787865168626,0.009375,2.426855652530458,True,0.6842952966690063,4.056647539138794,False
yolov10x,/model.13/m.0/cv1/cv1.2/act/Mul_output_0,/model.13/m.0/cv1/cv1.3/conv/Conv,0.1666259765625,0.289260701832665,13.521899807961148,258.066294616071,31.529674602085436,31.516223649565028,0.0,0.342929443359375,0.00935564943359417,0.078125,2.1491837795392357,True,-0.22081685066223145,3.9887090921401978,False
yolov10x,/model.13/m.0/cv1/cv1.4/act/Mul_output_0,/model.13/m.0/Add,0.1241455078125,0.29056408204762096,14.93516616512779,191.4110894507767,31.529674602085436,31.624602710695555,0.0,0.232619140625,0.0035514217093743044,0.034375,2.6417884118061963,True,,,False
yolov10x,/model.13/m.0/Add_output_0,/model.13/Concat,0.2587890625,0.39899914870779324,12.85554954509935,290.57079539010937,31.529674602085436,31.58099057165063,0.0,0.30245361328125,0.010488110272662587,0.109375,1.9342700379602447,True,,,False
yolov10x,/model.13/m.1/cv1/cv1.0/act/Mul_output_0,/model.13/m.1/cv1/cv1.1/conv/Conv,0.121337890625,0.32446416649441234,17.206925387279497,167.53583481131847,31.529674602085436,31.5493042933422,0.0,0.23984295654296875,0.0027748165079412132,0.0,2.3093760256705065,True,0.13123345375061035,4.010587096214294,False
yolov10x,/model.13/m.1/cv1/cv1.2/act/Mul_output_0,/model.13/m.1/cv1/cv1.3/conv/Conv,0.1405029296875,0.26063181689226783,15.065394633847568,241.5104696370146,31.529674602085436,31.59920435772812,0.0,0.29217877197265624,0.007049603691195146,0.003125,1.7332462577508354,True,-0.5100113153457642,3.8616294860839844,False
yolov10x,/model.13/m.1/cv1/cv1.4/act/Mul_output_0,/model.13/m.1/Add,0.1263427734375,0.2588360898404877,14.992477766678242,218.6772429412054,31.529674602085436,31.499624927581657,0.0,0.2287589111328125,0.004594022400096817,0.034375,2.2234490557997475,True,,,False
yolov10x,/model.13/m.1/Add_output_0,/model.13/Concat,0.2587890625,0.47491394045594615,14.847559444976625,244.1231771143483,31.529674602085436,31.525426916657263,0.0,0.2648939208984375,0.0064524282725927275,0.003125,1.7681905948516285,True,,,False
yolov10x,/model.13/m.2/cv1/cv1.0/act/Mul_output_0,/model.13/m.2/cv1/cv1.1/conv/Conv,0.128662109375,0.36862118517610754,18.509551866281086,156.36818315925706,31.529674602085436,31.469648972724453,0.0,0.2121334228515625,0.0021539685672148545,0.0,1.8816585016025602,True,-0.049987077713012695,4.678952932357788,False
yolov10x,/model.13/m.2/cv1/cv1.2/act/Mul_output_0,/model.13/m.2/cv1/cv1.3/conv/Conv,0.11895751953125,0.2828121940511092,17.248634136670027,188.43943037466417,31.529674602085436,31.55087452132151,0.0,0.22693701171875,0.0033654958918638575,0.0,1.6301603235560869,True,-0.34628474712371804,4.41773247718811,False
yolov10x,/model.13/m.2/cv1/cv1.4/act/Mul_output_0,/model.13/m.2/Add,0.1995849609375,0.45137885491414054,16.727271830266986,198.09094184752624,31.529674602085436,31.49841150728134,0.0,0.254204345703125,0.004325546733480413,0.0,1.5779798610613693,True,,,False
yolov10x,/model.13/Concat_output_0,/model.13/cv2/conv/Conv,0.2587890625,0.5321216415973465,13.471469879594409,217.87781389979483,31.529674602085436,31.437785224544932,0.0,0.2660412841796875,0.005241941760497138,0.133125,3.002106504976838,True,-1.742502212524414,5.9533514976501465,False
yolov10x,/model.15/Concat_output_0,/model.16/cv1/conv/Conv,0.2117919921875,0.36821453414488076,14.609575629388416,257.6835070357832,31.529674602085436,31.011200869104005,0.0,0.17034205118815104,0.004897782676162106,0.003125,1.6369806814403476,True,-2.6063156127929688,6.469999551773071,False
yolov10x,/model.16/Split_output_1,/model.16/m.0/cv1/conv/Conv;/model.16/Concat,0.39404296875,0.4155663343608007,7.824340880900387,424.79680234812525,31.529674602085436,31.738536094966317,0.0,0.34048550415039064,0.02983197302351597,0.85625,2.0255655258769303,True,1.3364124298095694,6.864892482757568,False
yolov10x,/model.16/m.0/cv1/act/Mul_output_0,/model.16/m.0/cv2/conv/Conv,0.1424560546875,0.30066368859486536,16.799893053550676,212.26478261562144,31.529674602085436,31.963054900625608,0.0,0.11390701293945313,0.0021662467025174987,0.0,1.3339260745101442,True,-1.9345567226409912,6.399657726287842,False
yolov10x,/model.16/m.0/cv2/act/Mul_output_0,/model.16/m.1/cv1/conv/Conv;/model.16/Concat,0.39404296875,0.29535883039896593,7.909923376357455,597.6840095200283,31.529674602085436,31.697326401822878,0.0,0.3903135986328125,0.06741101495398073,0.975,1.440310074531937,True,-0.9735140800476074,5.252523422241211,False
yolov10x,/model.16/m.1/cv1/act/Mul_output_0,/model.16/m.1/cv2/conv/Conv,0.1607666015625,0.3153254648029948,16.247786876665963,228.40983535851737,31.529674602085436,31.86204821634817,0.0,0.13568075561523438,0.003008815022754954,0.0,1.323790184632597,True,-1.2521809339523315,4.378299713134766,False
yolov10x,/model.16/m.1/cv2/act/Mul_output_0,/model.16/m.2/cv1/conv/Conv;/model.16/Concat,0.39404296875,0.32233232728184863,8.42776654500286,547.6684622006293,31.529674602085436,31.629365921599558,0.0,0.3671906127929688,0.05380215226245773,0.93125,1.409501388862619,True,-1.4994733333587646,4.663595914840698,False
yolov10x,/model.16/m.2/cv1/act/Mul_output_0,/model.16/m.2/cv2/conv/Conv,0.255859375,0.3050389845136683,11.84452137441221,375.77164172228566,31.529674602085436,30.545641265226664,0.0,0.21002774047851563,0.013222262523010167,0.125,1.40905907641133,True,0.23108124732971203,2.034614086151123,False
yolov10x,/model.16/Concat_output_0,/model.16/cv2/conv/Conv,0.39404296875,0.3867001675489252,8.842076838863115,456.50678436198325,31.529674602085436,31.634539125087436,0.0,0.390762353515625,0.038309362244864996,0.75875,1.973790362151657,True,-0.6451996564865115,4.049907922744751,False
yolov10x,/model.16/cv2/act/Mul_output_0,/model.17/conv/Conv;/model.23/Shape;/model.23/one2one_cv2.0/one2one_cv2.0.0/conv/Conv,0.2230224609375,0.3768028952842826,13.577746885643421,265.16267191795026,31.529674602085436,31.528281994784116,0.0,0.22928245544433593,0.0068990862165613405,0.06875,2.074926410277855,True,-0.6596436500549314,3.6719104051589966,False
yolov10x,/model.23/one2one_cv3.0/one2one_cv3.0.0/one2one_cv3.0.0.0/act/Mul_output_0,/model.23/one2one_cv3.0/one2one_cv3.0.0/one2one_cv3.0.0.1/conv/Conv,0.337158203125,0.5883276054241742,10.526308590538939,256.7393975863121,31.529674602085436,31.717446076741478,0.0,0.29673521423339844,0.007640038574715513,0.31875,3.697920543578499,False,3.065248489379883,4.766539573669434,False
yolov10x,/model.23/one2one_cv2.0/one2one_cv2.0.0/act/Mul_output_0,/model.23/one2one_cv2.0/one2one_cv2.0.1/conv/Conv,0.346435546875,0.6415032873316153,12.489794442701822,241.93660120679962,31.529674602085436,31.56222645222902,0.0,0.29579278564453126,0.007592385247768241,0.2625,2.9036757669214706,False,2.6301915645599365,4.086835622787476,False
yolov10x,/model.18/Concat_output_0,/model.19/cv1/conv/Conv,0.2440185546875,0.41801515437405795,13.947319798579194,261.52236672782317,31.529674602085436,31.629963148677483,0.0,0.21208612060546875,0.006332472815639301,0.0010416666666666667,1.9646638651078936,True,-0.3826124668121338,3.5122331380844116,False
yolov10x,/model.23/one2one_cv2.0/one2one_cv2.0.1/act/Mul_output_0,/model.23/one2one_cv2.0/one2one_cv2.0.2/Conv,0.73779296875,1.5736605114407225,14.438228050073718,210.03974338619645,31.529674602085436,31.53635548886716,0.0,0.4839805908203125,0.008075729827711882,0.1,2.8534508920869373,False,-6.674776077270508,11.729689598083496,False
yolov10x,/model.23/one2one_cv3.0/one2one_cv3.0.1/one2one_cv3.0.1.0/act/Mul_output_0,/model.23/one2one_cv3.0/one2one_cv3.0.1/one2one_cv3.0.1.1/conv/Conv,1.3505859375,0.5870081337790862,-1.7604663155718896,1030.756586122039,31.529674602085436,31.530971564626853,0.0,0.8539624938964844,0.14757725043486294,0.9875,4.325945779553683,False,2.759095311164857,3.811288952827454,False
yolov10x,/model.19/Split_output_1,/model.19/m.0/cv1/cv1.0/conv/Conv;/model.19/m.0/Add;/model.19/Concat,0.2437744140625,0.24656802996286667,8.968459552636403,442.92415978035456,31.529674602085436,31.57391904765599,0.0,0.46114044189453124,0.03606393486962666,0.6875,2.1441492786236847,True,-0.0760500431060791,4.085604190826416,True
yolov10x,/model.23/one2one_cv3.0/one2one_cv3.0.1/one2one_cv3.0.1.1/act/Mul_output_0,/model.23/one2one_cv3.0/one2one_cv3.0.2/Conv,1.4853515625,1.6203660981630688,7.233889861917888,410.6710827598618,31.529674602085436,31.51116246335,0.0,0.6039466094970704,0.020949608241167584,0.634375,3.408168650023386,False,-19.569281339645386,24.317045211791992,False
yolov10x,/model.19/m.0/cv1/cv1.0/act/Mul_output_0,/model.19/m.0/cv1/cv1.1/conv/Conv,0.11083984375,0.22979838050517826,15.993839848647795,216.08616166414214,31.529674602085436,31.530131412695916,0.0,0.24398931884765626,0.004686805335232329,0.003125,1.7786457699062317,True,0.12403476238250732,3.9242289066314697,False
yolov10x,/model.19/m.0/cv1/cv1.2/act/Mul_output_0,/model.19/m.0/cv1/cv1.3/conv/Conv,0.1474609375,0.23015498171104584,13.168721478344224,287.0348471663321,31.529674602085436,31.567985774838803,0.0,0.35138104248046875,0.011763968850334592,0.071875,1.8306979840518538,True,-0.648181676864624,4.418724775314331,False
yolov10x,/model.19/m.0/cv1/cv1.4/act/Mul_output_0,/model.19/m.0/Add,0.158935546875,0.27164288172272943,13.16501274309234,262.12034178270227,31.529674602085436,31.569854761146768,0.0,0.30276104736328124,0.008797918204339924,0.115625,2.266325064156888,True,,,False
yolov10x,/model.19/m.0/Add_output_0,/model.19/Concat,0.2437744140625,0.354021696037932,12.704294345991968,308.4865665642664,31.529674602085436,31.543392218230096,0.0,0.33711407470703125,0.013005378260698211,0.125,1.818173372697894,True,,,False
yolov10x,/model.19/m.1/cv1/cv1.0/act/Mul_output_0,/model.19/m.1/cv1/cv1.1/conv/Conv,0.1937255859375,0.3007063615007444,12.84546616579614,288.6173144687035,31.529674602085436,31.517573934875248,0.0,0.411817626953125,0.013478683718829355,0.121875,2.070368515967698,True,-0.9271979331970215,5.661222219467163,False
yolov10x,/model.19/m.1/cv1/cv1.2/act/Mul_output_0,/model.19/m.1/cv1/cv1.3/conv/Conv,0.10369873046875,0.22897556996627227,15.426565402617769,202.8907767620932,31.529674602085436,31.524308912138736,0.0,0.27340609741210936,0.004598978474667427,0.0140625,2.3754089350616128,True,-0.8477845191955566,6.225968837738037,False
yolov10x,/model.19/m.1/cv1/cv1.4/act/Mul_output_0,/model.19/m.1/Add,0.1280517578125,0.2959868832258269,15.97285185474805,193.8166545584082,31.529674602085436,31.509070028580112,0.0,0.25651275634765625,0.004024937901391655,0.01875,2.1025806423972417,True,,,False
yolov10x,/model.19/m.1/Add_output_0,/model.19/Concat,0.2437744140625,0.45394774058367726,15.25336107443583,240.580418705419,31.529674602085436,31.524656482451423,0.0,0.2763453369140625,0.0065158081344381755,0.0,1.6592059153895737,True,,,False
yolov10x,/model.19/m.2/cv1/cv1.0/act/Mul_output_0,/model.19/m.2/cv1/cv1.1/conv/Conv,0.1534423828125,0.3485559312145667,15.634811476777585,197.21996197414632,31.529674602085436,31.55264083405931,0.0,0.301244384765625,0.004789111601680586,0.00625,2.4267619478274027,True,-1.5443460941314697,7.233520269393921,False
yolov10x,/model.19/m.2/cv1/cv1.2/act/Mul_output_0,/model.19/m.2/cv1/cv1.3/conv/Conv,0.148193359375,0.2129694999325702,11.395404968101545,311.73771371497054,31.529674602085436,31.57489033375907,0.0,0.43839675903320313,0.0170125395112252,0.26875,2.2422196329483057,True,-0.8700239658355713,7.459157228469849,False
yolov10x,/model.19/m.2/cv1/cv1.4/act/Mul_output_0,/model.19/m.2/Add,0.16943359375,0.36453622719481843,14.970241026308813,208.22690404219705,31.529674602085436,31.524922641620847,0.0,0.41802740478515626,0.007161445236587369,0.0625,2.2573341568838394,True,,,False
yolov10x,/model.19/Concat_output_0,/model.19/cv2/conv/Conv,0.2437744140625,0.4754292010237845,13.137073379792419,229.7102013608467,31.529674602085436,31.546070879311387,0.0,0.3079592529296875,0.006611659968170945,0.1625,3.1846242403414755,True,-0.6742196083068848,5.028561353683472,False
yolov10x,/model.19/cv2/act/Mul_output_0,/model.20/cv1/conv/Conv;/model.23/one2one_cv2.1/one2one_cv2.1.0/conv/Conv;/model.23/Shape_5,0.2080078125,0.47628931672023733,16.65073752945635,195.6531392341442,31.529674602085436,31.42129987883702,0.0,0.23310174560546876,0.0037299400608272345,0.0046875,1.8928343071518288,True,-0.19938921928405762,4.091429710388184,False
yolov10x,/model.23/one2one_cv3.1/one2one_cv3.1.0/one2one_cv3.1.0.0/act/Mul_output_0,/model.23/one2one_cv3.1/one2one_cv3.1.0/one2one_cv3.1.0.1/conv/Conv,0.179931640625,0.35438505455351327,11.354390648789277,227.46268208618184,31.529674602085436,31.667265337804807,0.0,0.3918680419921875,0.008274899816923822,0.2671875,4.1191679958503915,False,-0.8591170310974121,6.4877097606658936,False
yolov10x,/model.23/one2one_cv2.1/one2one_cv2.1.0/act/Mul_output_0,/model.23/one2one_cv2.1/one2one_cv2.1.1/conv/Conv,0.16845703125,0.6265289207447342,20.822736612531443,120.45533334725042,31.529674602085436,31.614341303222826,0.0,0.15035498046875,0.0009166282709133596,0.0,1.8685411686910605,False,0.19985508918762207,6.823165655136108,False
yolov10x,/model.21/Concat_output_0,/model.22/cv1/conv/Conv,0.1263427734375,0.39971310355787876,-66.4454235084785,141.60547151490633,31.529674602085436,31.481526982314865,0.0,0.16359747314453124,0.001351569360209729,0.003125,2.1558564197500742,True,-0.6666145324707031,4.688049554824829,False
yolov10x,/model.23/one2one_cv2.1/one2one_cv2.1.1/act/Mul_output_0,/model.23/one2one_cv2.1/one2one_cv2.1.2/Conv,0.4443359375,1.647315635181757,20.380729268735692,120.84053337964973,31.529674602085436,31.5244425968887,0.0,0.336276123046875,0.002262878831049162,0.0,1.8674064924987774,False,-5.386984348297119,13.125123023986816,False
yolov10x,/model.23/one2one_cv3.1/one2one_cv3.1.1/one2one_cv3.1.1.0/act/Mul_output_0,/model.23/one2one_cv3.1/one2one_cv3.1.1/one2one_cv3.1.1.1/conv/Conv,0.13916015625,0.5072481243173877,16.942319055598105,122.90582657924467,31.529674602085436,30.849549253229434,6.7138671875e-07,0.22599127197265625,0.0014223681317868625,0.009375,3.4891370761818825,False,1.3561980724334717,6.156364679336548,False
yolov10x,/model.22/Split_output_1,/model.22/m.0/cv1/cv1.0/conv/Conv;/model.22/m.0/Add;/model.22/Concat,0.2322998046875,0.28773947484295864,10.942358439891464,361.68243011077675,31.529674602085436,31.38148285885766,0.0,0.42056103515625,0.021702350845909178,0.34375,2.089731222003212,True,0.07406330108642578,5.582056999206543,True
yolov10x,/model.23/one2one_cv3.1/one2one_cv3.1.1/one2one_cv3.1.1.1/act/Mul_output_0,/model.23/one2one_cv3.1/one2one_cv3.1.2/Conv,0.477783203125,1.5792053702949127,17.234075770612996,135.5408732937802,31.529674602085436,31.597586211070517,0.0,0.282029541015625,0.002279371339283017,0.028125,3.7931003944315966,False,-19.481916666030884,27.020699501037598,False
yolov10x,/model.22/m.0/cv1/cv1.0/act/Mul_output_0,/model.22/m.0/cv1/cv1.1/conv/Conv,0.11480712890625,0.2031830295007882,4.5807385354600285,253.1392207133149,31.529674602085436,31.487447977311824,0.0,0.35676806640625,0.008840487911991442,0.04375,1.894894043641806,True,-0.38122344017028853,6.296405792236328,False
yolov10x,/model.22/m.0/cv1/cv1.2/act/Mul_output_0,/model.22/m.0/cv1/cv1.3/conv/Conv,0.09271240234375,0.13098641377680373,-25.8871613570509,317.0951479042281,31.529674602085436,31.54920369671945,0.0,0.439080322265625,0.016097583562623648,0.2640625,2.2836621931646586,True,-0.3306996822357178,7.245320081710815,False
yolov10x,/model.22/m.0/cv1/cv1.4/act/Mul_output_0,/model.22/m.0/Add,0.1715087890625,0.19853206816434757,8.171089208532578,387.0202844831806,31.529674602085436,31.528595134600327,0.0,0.526895751953125,0.02998239980955982,0.521875,2.1946187074978796,True,,,False
yolov10x,/model.22/m.0/Add_output_0,/model.22/Concat,0.2322998046875,0.3427910626143019,13.015558567588997,303.5969249206965,31.529674602085436,31.52798608819305,0.0,0.365340576171875,0.013462886007022475,0.08125,1.7096474218540738,True,,,False
yolov10x,/model.22/m.1/cv1/cv1.0/act/Mul_output_0,/model.22/m.1/cv1/cv1.1/conv/Conv,0.11395263671875,0.24973935258546928,14.817868900280075,204.41624726535113,31.529674602085436,31.490928829753365,0.0,0.306271484375,0.005173821823629937,0.046875,2.0650918556703397,True,-0.9922218322753906,8.619030475616455,False
yolov10x,/model.22/m.1/cv1/cv1.2/act/Mul_output_0,/model.22/m.1/cv1/cv1.3/conv/Conv,0.1771240234375,0.14932192666317118,-19.15095425138435,531.4126617117331,31.529674602085436,31.52512737054472,0.0,0.70202734375,0.058408078732821195,0.85,3.013120162970381,True,-0.4157886505126953,8.548403263092041,False
yolov10x,/model.22/m.1/cv1/cv1.4/act/Mul_output_0,/model.22/m.1/Add,0.13037109375,0.23896894847448483,3.5903475240069795,244.40936938815776,31.529674602085436,31.503074985984142,0.0,0.434536376953125,0.009739132377694562,0.184375,2.7297935190647555,True,,,False
yolov10x,/model.22/m.1/Add_output_0,/model.22/Concat,0.2322998046875,0.40982649419224904,14.769628033560984,253.93749299961257,31.529674602085436,31.533845144800623,0.0,0.3185703125,0.00826391705426425,0.0,1.5623186299167173,True,,,False
yolov10x,/model.22/m.2/cv1/cv1.0/act/Mul_output_0,/model.22/m.2/cv1/cv1.1/conv/Conv,0.1873779296875,0.27258684625861895,10.54221188952151,307.9580458565349,31.529674602085436,31.53699349427542,0.0,0.4663447265625,0.017404362553408076,0.325,2.4727350230867224,True,-1.519909381866456,9.550551414489746,False
yolov10x,/model.22/m.2/cv1/cv1.2/act/Mul_output_0,/model.22/m.2/cv1/cv1.3/conv/Conv,0.2396240234375,0.15822467433349474,-48.43949991106801,678.4754840053075,31.529674602085436,31.525068899928208,0.0,0.8302109375,0.08697594949225364,0.9671875,3.6286881655297045,True,-0.7892553806304932,10.371920585632324,False
yolov10x,/model.22/m.2/cv1/cv1.4/act/Mul_output_0,/model.22/m.2/Add,0.2437744140625,0.25760521325258623,-52.127136610781875,423.94692297207837,31.529674602085436,31.56342118108276,0.0,0.79903125,0.035380582147599954,0.7375,3.6801008986592665,True,,,False
yolov10x,/model.22/Concat_output_0,/model.22/cv2/conv/Conv,0.2322998046875,0.3901096389576918,13.469519489900733,266.7719587192426,31.529674602085436,31.47620443303874,0.0,0.339582080078125,0.009715048514991616,0.085625,1.9976988036921821,True,-1.0802080631256095,7.297460317611694,False
yolov10x,/model.22/cv2/act/Mul_output_0,/model.23/one2one_cv2.2/one2one_cv2.2.0/conv/Conv;/model.23/Shape_9,0.2288818359375,0.40333274107976586,14.423595645237292,254.22945388834964,31.529674602085436,31.442327665426127,0.0,0.323890625,0.008475467412287021,0.009375,1.707503110215325,True,-2.6656928062438974,8.933754444122314,False
yolov10x,/model.23/one2one_cv3.2/one2one_cv3.2.0/one2one_cv3.2.0.0/act/Mul_output_0,/model.23/one2one_cv3.2/one2one_cv3.2.0/one2one_cv3.2.0.1/conv/Conv,0.3720703125,0.2349083953117277,-0.8722680881993128,709.5851120127174,31.529674602085436,31.55651693855461,0.0,0.817113037109375,0.10204573577158893,0.9296875,5.564058688716998,False,-0.8210699558258057,7.743046045303345,False
yolov10x,/model.23/one2one_cv2.2/one2one_cv2.2.0/act/Mul_output_0,/model.23/one2one_cv2.2/one2one_cv2.2.1/conv/Conv,0.2171630859375,0.5076418815804564,16.997144184203265,191.64900696748484,31.529674602085436,31.59282120214131,0.0,0.290416015625,0.004353663189491543,0.0,1.4743812969230756,False,-0.09908008575439364,8.095099925994873,False
yolov10x,/model.23/one2one_cv2.2/one2one_cv2.2.1/act/Mul_output_0,/model.23/one2one_cv2.2/one2one_cv2.2.2/Conv,0.81689453125,1.490009392258694,14.178333076118683,245.61506249650594,31.529674602085436,31.5100829469003,0.0,0.7180771484375,0.012486390635639775,0.025,1.6667638343626938,False,-5.706775188446043,14.46747636795044,False
yolov10x,/model.23/one2one_cv3.2/one2one_cv3.2.1/one2one_cv3.2.1.0/act/Mul_output_0,/model.23/one2one_cv3.2/one2one_cv3.2.1/one2one_cv3.2.1.1/conv/Conv,1.0302734375,0.43298264130907205,-1.4580522469421808,1066.0069387643812,31.529674602085436,31.492272518068273,0.0,0.925391845703125,0.1492683021079688,0.98125,2.2605220771788335,False,-0.8653221130371085,9.70256757736206,False
yolov10x,/model.23/one2one_cv3.2/one2one_cv3.2.1/one2one_cv3.2.1.1/act/Mul_output_0,/model.23/one2one_cv3.2/one2one_cv3.2.2/Conv,0.57080078125,1.5016013456184791,16.393636635485613,170.29736337554667,31.529674602085436,31.560505836541903,0.0,0.28460498046875,0.004141663600230774,0.0375,2.6699611695886514,False,-20.736799716949463,31.007472038269043,False
